470 3620.12
471 4140.77
472 4756.07
473 5483
474 6341
475 7352.2
476 8541.44
477 9936.41
478 11567.5
479 13467.9
480 15672.8
481 18219.7
482 21147.4
483 24495.3
484 28302.6
485 32607.5
486 37445.7
487 42849.6
488 48846.6
489 55458.1
490 62698.2
491 70572.4
492 79077
493 88198
494 97910.9
495 108180
496 118961
497 130196
498 141823
499 153767
500 165952
501 178294
502 190710
503 203112
504 215420
505 227552
506 239434
507 250998
508 262184
509 272940
510 283224
511 293001
512 302244
513 310936
514 319066
515 326627
516 333620
517 340048
518 345915
519 351231
520 356004
521 360244
522 363960
523 367163
524 369861
525 372065
526 373786
527 375033
528 375817
529 376151
530 376047
531 375520
532 374585
533 373259
534 371559
535 369504
536 367113
537 364404
538 361398
539 358113
540 354569
541 350783
542 346773
543 342556
544 338146
545 333560
546 328809
547 323908
548 318868
549 313701
550 308418
551 303030
552 297548
553 291981
554 286342
555 280641
556 274888
557 269095
558 263274
559 257435
560 251591
561 245753
562 239931
563 234138
564 228384
565 222679
566 217033
567 211454
568 205952
569 200534
570 195205
571 189973
572 184841
573 179814
574 174894
575 170084
576 165384
577 160795
578 156317
579 151949
580 147689
581 143535
582 139486
583 135537
584 131686
585 127929
586 124265
587 120688
588 117195
589 113785
590 110452
591 107194
592 104009
593 100894
594 97845.5
595 94862.4
596 91942.3
597 89083.7
598 86285
599 83545.1
600 80862.8
601 78237.4
602 75668.3
603 73154.8
604 70696.7
605 68293.8
606 65945.9
607 63652.9
608 61415
609 59232.1
610 57104.3
611 55031.7
612 53014.3
613 51052.2
614 49145.4
615 47293.7
616 45497.1
617 43755.5
618 42068.4
619 40435.6
620 38856.7
621 37331.2
622 35858.5
623 34437.8
624 33068.5
625 31749.7
626 30480.6
627 29260.1
628 28087.3
629 26960.9
630 25880
631 24843.2
632 23849.5
633 22897.4
634 21985.7
635 21113
636 20278.2
637 19479.7
638 18716.2
639 17986.5
640 17289.1
641 16622.7
642 15986.1
643 15377.8
644 14796.7
645 14241.5
646 13711
647 13204
648 12719.4
649 12256
650 11812.8
651 11388.7
652 10982.8
653 10594.1
654 10221.7
655 9864.75
656 9522.43
657 9193.94
658 8878.56
659 8575.58
660 8284.34
661 8004.22
662 7734.64
663 7475.06
664 7224.95
665 6983.85
666 6751.3
667 6526.88
668 6310.21
669 6100.93
670 5898.69
671 5703.2
672 5514.17
673 5331.31
674 5154.4
675 4983.19
676 4817.48
677 4657.07
678 4501.78
679 4351.43
680 4205.87
681 4064.96
682 3928.55
683 3796.52
684 3668.74
685 3545.1
686 3425.5
687 3309.83
688 3198
689 3089.91
690 2985.47
691 2884.59
692 2787.2
693 2693.21
694 2602.54
695 2515.11
696 2430.85
697 2349.68
698 2271.53
699 2196.33
700 2123.99
701 2054.45
702 1987.64
703 1923.48
704 1861.91
705 1802.85
706 1746.23
707 1691.99
708 1640.05
709 1590.34
710 1542.8
711 1497.36
712 1453.94
713 1412.49
714 1372.93
715 1335.21
716 1299.25
717 1264.99
718 1232.37
719 1201.33
720 1171.81
721 1143.74
722 1117.07
723 1091.74
724 1067.7
725 1044.88
726 1023.24
727 1002.73
728 983.284
729 964.865
730 947.422
731 930.909
732 915.279
733 900.489
734 886.498
735 873.265
736 860.749
737 848.914
738 837.723
739 827.141
740 817.134
741 807.671
742 798.719
743 790.251
744 782.236
745 774.65
746 767.465
747 760.657
748 754.203
749 748.08
750 742.268
751 736.747
752 731.497
753 726.5
754 721.74
755 717.2
756 712.865
757 708.72
758 704.753
759 700.95
760 697.3
761 693.791
762 690.412
763 687.154
764 684.007
765 680.962
766 678.012
767 675.149
768 672.365
769 669.654
770 667.01
771 664.427
772 661.899
773 659.423
774 656.992
775 654.602
776 652.251
777 649.933
778 647.646
779 645.387
780 643.152
781 640.939
782 638.745
783 636.568
784 634.407
785 632.258
786 630.121
787 627.994
788 625.875
789 623.763
790 621.657
791 619.556
792 617.458
793 615.363
794 613.27
795 611.178
796 609.086
797 606.995
798 604.903
799 602.81
800 600.715
