545 4081.67
546 4562.57
547 5158.24
548 5890.18
549 6782.75
550 7863.41
551 9162.92
552 10715.6
553 12559.9
554 14738.3
555 17298.5
556 20293.4
557 23782
558 27830
559 32510.4
560 37903.9
561 44099.7
562 51195
563 59295.1
564 68512.4
565 78964.8
566 90773.2
567 104059
568 118938
569 135518
570 153887
571 174108
572 196205
573 220157
574 245886
575 273259
576 302103
577 332226
578 363448
579 395619
580 428611
581 462284
582 496420
583 530670
584 564525
585 597349
586 628441
587 657122
588 682806
589 705036
590 723487
591 737952
592 748312
593 754527
594 756617
595 754671
596 748836
597 739321
598 726392
599 710362
600 691586
601 670446
602 647337
603 622665
604 596827
605 570204
606 543157
607 516014
608 489071
609 462586
610 436776
611 411821
612 387864
613 365009
614 343331
615 322874
616 303659
617 285684
618 268931
619 253367
620 238949
621 225629
622 213349
623 202051
624 191676
625 182161
626 173448
627 165478
628 158192
629 151535
630 145453
631 139895
632 134812
633 130155
634 125881
635 121946
636 118310
637 114935
638 111785
639 108827
640 106030
641 103366
642 100810
643 98340
644 95934.6
645 93576.9
646 91251.9
647 88946.9
648 86652
649 84359
650 82062.1
651 79757.2
652 77442
653 75115.8
654 72779
655 70433.5
656 68082
657 65728.2
658 63376.2
659 61030.9
660 58697.4
661 56381
662 54087.3
663 51821.6
664 49589.3
665 47395.6
666 45245.5
667 43143.6
668 41094
669 39100.7
670 37167.1
671 35296.1
672 33490.2
673 31751.4
674 30081.4
675 28481.1
676 26951.4
677 25492.3
678 24103.7
679 22785.1
680 21535.6
681 20354
682 19238.6
683 18187.8
684 17199.6
685 16271.7
686 15401.7
687 14587.3
688 13825.7
689 13114.4
690 12450.6
691 11831.5
692 11254.5
693 10716.8
694 10215.7
695 9748.68
696 9313.15
697 8906.7
698 8526.98
699 8171.77
700 7838.94
701 7526.52
702 7232.64
703 6955.59
704 6693.74
705 6445.65
706 6209.95
707 5985.45
708 5771.03
709 5565.72
710 5368.65
711 5179.05
712 4996.24
713 4819.67
714 4648.82
715 4483.29
716 4322.72
717 4166.83
718 4015.4
719 3868.23
720 3725.2
721 3586.21
722 3451.17
723 3320.05
724 3192.82
725 3069.48
726 2950.02
727 2834.47
728 2722.86
729 2615.23
730 2511.62
731 2412.12
732 2316.79
733 2225.74
734 2139.09
735 2056.99
736 1979.59
737 1907.04
738 1839.5
739 1777.07
740 1719.82
741 1667.69
742 1620.54
743 1578.05
744 1539.79
745 1505.12
746 1473.31
747 1443.51
748 1414.86
749 1386.49
750 1357.67
751 1327.81
752 1296.55
753 1263.75
754 1229.54
755 1194.25
756 1158.38
757 1122.55
758 1087.4
759 1053.56
760 1021.54
761 991.767
762 964.497
763 939.85
764 917.815
765 898.269
766 881.015
767 865.808
768 852.379
769 840.463
770 829.815
771 820.212
772 811.468
773 803.425
774 795.956
775 788.962
776 782.362
777 776.094
778 770.109
779 764.367
780 758.837
781 753.494
782 748.313
783 743.278
784 738.373
785 733.582
786 728.893
787 724.297
788 719.783
789 715.343
790 710.97
791 706.656
792 702.397
793 698.187
794 694.022
795 689.898
796 685.812
797 681.761
798 677.741
799 673.752
800 669.791
